414.0217285	118.8159332	249.0200043	582.9470825	594.0720215	580.9433594	571.0145264
413.4361572	122.8147812	240.6600037	591.0316162	582.9470825	594.0720215	580.9433594
412.9596863	124.8841858	250.0800018	588.6590576	591.0316162	582.9470825	594.0720215
406.4882813	127.6833954	240.8300018	582.000061	588.6590576	591.0316162	582.9470825
411.619751	132.8518982	244.5	588.1008911	582.000061	588.6590576	591.0316162
414.3492432	132.611969	241.0500031	588.5693359	588.1008911	582.000061	588.6590576
412.7413025	134.7713623	238.7700043	584.432312	588.5693359	588.1008911	582.000061
413.2177429	134.7613678	217.8000031	574.9819946	584.432312	588.5693359	588.1008911
416.0167236	138.0304413	219.1600037	575.1216431	574.9819946	584.432312	588.5693359
415.6197205	131.5622864	219.5700073	574.6629639	575.1216431	574.9819946	584.432312
413.0192261	135.6810913	221.3300018	573.3571167	574.6629639	575.1216431	574.9819946
413.6147766	136.8907471	220.8899994	580.18573	573.3571167	574.6629639	575.1216431
415.0440674	137.960434	220.6999969	561.9230957	580.18573	573.3571167	574.6629639
415.6594543	143.668808	218.8500061	566.0003052	561.9230957	580.18573	573.3571167
424.3244019	143.5488434	217.9700012	571.453125	566.0003052	561.9230957	580.18573
421.4360657	139.519989	213.6499939	576.3477173	571.453125	566.0003052	561.9230957
421.5651245	140.369751	260.480011	591.4204102	576.3477173	571.453125	566.0003052
424.9596252	141.4994202	269.1900024	589.9450073	591.4204102	576.3477173	571.453125
423.4112244	140.4797211	262.5100098	565.8009644	589.9450073	591.4204102	576.3477173
428.7313232	141.2095032	259.519989	565.3822021	565.8009644	589.9450073	591.4204102
429.3069763	139.3000488	257.5499878	558.9225464	565.3822021	565.8009644	589.9450073
403.322052	132.7219391	249.8500061	570.6356812	558.9225464	565.3822021	565.8009644
407.3120728	135.3611908	248.9799957	570.256897	570.6356812	558.9225464	565.3822021
405.4162903	136.0110016	242.8399963	589.8453369	570.256897	570.6356812	558.9225464
408.3939514	139.8698883	251.4400024	587.4926758	589.8453369	570.256897	570.6356812
417.0490112	145.5682526	288.5299988	581.34198	587.4926758	589.8453369	570.256897
422.2598572	148.8373413	296.9100037	582.9868774	581.34198	587.4926758	589.8453369
419.3914185	147.5876617	321.2200012	578.1819458	582.9868774	581.34198	587.4926758
414.8951721	145.2183533	350	575.3508911	578.1819458	582.9868774	581.34198
419.8777466	148.247467	328.4899902	552.3432617	575.3508911	578.1819458	582.9868774
422.0316162	146.2280731	330.2399902	552.6622314	552.3432617	575.3508911	578.1819458
423.7090149	146.717926	311.1799927	559.3312378	552.6622314	552.3432617	575.3508911
411.9075928	141.9392853	320.7200012	563.7473755	559.3312378	552.6622314	552.3432617
412.6619263	140.1098022	338.7399902	561.3250122	563.7473755	559.3312378	552.6622314
414.6768188	146.9678497	346	557.3873901	561.3250122	563.7473755	559.3312378
412.3939209	145.848175	342.0299988	563.338623	557.3873901	561.3250122	563.7473755
410.6137085	146.6279602	339.6400146	571.7421875	563.338623	557.3873901	561.3250122
414.7211304	141.9093018	352.5599976	567.4158936	571.7421875	563.338623	557.3873901
416.5013733	135.9810028	338.5899963	572.5197754	567.4158936	571.7421875	563.338623
425.6510925	136.8807526	338.230011	590.9718018	572.5197754	567.4158936	571.7421875
420.6784058	135.3011932	332.8900146	611.7265015	590.9718018	572.5197754	567.4158936
421.145874	138.2103729	345.1600037	611.8560791	611.7265015	590.9718018	572.5197754
428.6247559	138.590271	357.0899963	607.0213623	611.8560791	611.7265015	590.9718018
428.8435669	140.2198029	351.4200134	621.8148193	607.0213623	611.8560791	611.7265015
435.0295715	145.0984039	357.9299927	611.6467285	621.8148193	607.0213623	611.8560791
440.2011414	145.0284119	369.4899902	617.3787842	611.6467285	621.8148193	607.0213623
441.1459351	142.4089966	389.2200012	630.6968384	617.3787842	611.6467285	621.8148193
443.58255	138.7797546	389.7900085	628.8127441	630.6968384	617.3787842	611.6467285
440.9072266	135.0405884	400.9899902	618.4055176	628.8127441	630.6968384	617.3787842
446.5363464	139.2796478	424.769989	622.7852783	618.4055176	628.8127441	630.6968384
447.1032104	137.3100739	418.1000061	617.99646	622.7852783	618.4055176	628.8127441
444.8257141	134.2207642	436.230011	595.7982788	617.99646	622.7852783	618.4055176
449.1221008	131.9712372	463.019989	594.1821289	595.7982788	617.99646	622.7852783
451.9764404	130.3616028	479.8599854	583.8861694	594.1821289	595.7982788	617.99646
434.9997559	128.8819275	440.1300049	598.4520874	583.8861694	594.1821289	595.7982788
434.6416931	130.6515198	436.1700134	606.3336792	598.4520874	583.8861694	594.1821289
434.2140808	134.6706543	421.0599976	601.9439697	606.3336792	598.4520874	583.8861694
432.8714294	139.6395721	430.6000061	598.4121704	601.9439697	606.3336792	598.4520874
436.9291382	140.1894684	462.2799988	589.8621216	598.4121704	601.9439697	606.3336792
435.7157898	139.8995209	454.1300049	584.1455688	589.8621216	598.4121704	601.9439697
428.1772156	136.9801636	431.6600037	597.8435669	584.1455688	589.8621216	598.4121704
422.5083313	137.4600525	417.4100037	603.2210083	597.8435669	584.1455688	589.8621216
419.1965637	134.2607574	403.8399963	628.7313843	603.2210083	597.8435669	584.1455688
416.292511	138.2798767	379.2799988	616.4500732	628.7313843	603.2210083	597.8435669
421.0364685	144.4385376	410.4400024	609.2967529	616.4500732	628.7313843	603.2210083
425.5118713	149.3974457	411.0499878	614.4247437	609.2967529	616.4500732	628.7313843
420.0617981	140.1094666	394.3599854	606.9123535	614.4247437	609.2967529	616.4500732
422.2398376	140.079483	394.9400024	592.8651123	606.9123535	614.4247437	609.2967529
416.6604919	135.8804169	394.7399902	615.6818848	592.8651123	606.9123535	614.4247437
414.9101257	133.2009888	403.3099976	609.8754272	615.6818848	592.8651123	606.9123535
413.3984375	131.7312927	396.3599854	611.342041	609.8754272	615.6818848	592.8651123
423.9802551	136.2103424	428.2200012	615.0234375	611.342041	609.8754272	615.6818848
422.2597046	133.5409088	413.8200073	622.0469971	615.0234375	611.342041	609.8754272
426.6853943	137.6800079	426.5	634.9667969	622.0469971	615.0234375	611.342041
426.1583252	140.7993317	424.0700073	645.9810791	634.9667969	622.0469971	615.0234375
443.7615967	147.0379944	415.1099854	658.3422241	645.9810791	634.9667969	622.0469971
444.2687683	147.1879425	412.3800049	672.758606	658.3422241	645.9810791	634.9667969
441.6332703	142.5889282	406.5799866	674.9134521	672.758606	658.3422241	645.9810791
432.1851807	118.3942108	397.1499939	685.3989868	674.9134521	672.758606	658.3422241
444.756134	128.9619141	398.0899963	687.5739746	685.3989868	674.9134521	672.758606
439.9127197	123.6730576	389.1000061	695.8345947	687.5739746	685.3989868	674.9134521
412.7221375	124.6228638	400.2799988	702.5489502	695.8345947	687.5739746	685.3989868
412.791748	120.0438538	404.6000061	703.227356	702.5489502	695.8345947	687.5739746
408.674408	116.6345978	383.6799927	710.3307495	703.227356	702.5489502	695.8345947
410.1164551	118.6241608	392.2099915	712.8548584	710.3307495	703.227356	702.5489502
411.0314331	124.8028107	378.1700134	715.7281494	712.8548584	710.3307495	703.227356
413.5476074	128.651947	374.3200073	718.1225586	715.7281494	712.8548584	710.3307495
407.5107727	129.8117218	361.6199951	723.6895752	718.1225586	715.7281494	712.8548584
409.9672546	133.5409088	350.730011	726.8621826	723.6895752	718.1225586	715.7281494
409.1915283	132.7710876	328.5	734.953186	726.8621826	723.6895752	718.1225586
406.8046265	131.1114349	336.5100098	714.7005615	734.953186	726.8621826	723.6895752
408.2964478	135.2605286	355.9400024	702.1299438	714.7005615	734.953186	726.8621826
406.1979675	138.8197632	355.8399963	693.2207031	702.1299438	714.7005615	734.953186
407.4013672	139.3696442	354.1099854	681.9570313	693.2207031	702.1299438	714.7005615
412.5032959	139.1996765	360.5599976	666.572998	681.9570313	693.2207031	702.1299438
414.6857605	140.079483	354.3999939	655.9677734	666.572998	681.9570313	693.2207031
406.7932129	134.4007111	337.7999878	672.1300659	655.9677734	666.572998	681.9570313
402.5978394	130.2516327	330.5299988	656.7060547	672.1300659	655.9677734	666.572998
396.5189819	126.6024246	302.7999878	666.6428833	656.7060547	672.1300659	655.9677734
398.3426514	131.2514191	290.7999878	653.5234985	666.6428833	656.7060547	672.1300659
391.1676636	120.1238403	281.9500122	638.5085449	653.5234985	666.6428833	656.7060547
395.6121521	124.8927917	292.980011	654.9401245	638.5085449	653.5234985	666.6428833
387.1416626	114.0351563	284.6499939	626.4666138	654.9401245	638.5085449	653.5234985
387.2612305	115.9647369	272.0400085	624.2019043	626.4666138	654.9401245	638.5085449
399.6281738	117.2744522	279.1000061	596.5964355	624.2019043	626.4666138	654.9401245
395.5125427	110.5459213	263.4500122	604.2984619	596.5964355	624.2019043	626.4666138
391.9449463	112.6654587	262.6700134	618.1162109	604.2984619	596.5964355	624.2019043
378.8406067	106.9567032	222.1499939	589.2636108	618.1162109	604.2984619	596.5964355
379.1295776	108.7363129	230.5800018	606.7233276	589.2636108	618.1162109	604.2984619
381.9397888	115.725441	248.0899963	604.0272827	606.7233276	589.2636108	618.1162109
377.4553833	115.5654602	240.6799927	581.5197144	604.0272827	606.7233276	589.2636108
387.2114258	121.6546936	249.9799957	583.2173462	581.5197144	604.0272827	606.7233276
387.3509521	119.5149612	238.0099945	585.15448	583.2173462	581.5197144	604.0272827
382.1889038	115.4154739	225.3099976	595.3897095	585.15448	583.2173462	581.5197144
386.4740295	117.5052032	235.8600006	617.9570923	595.3897095	585.15448	583.2173462
385.4973755	118.5150833	236.2599945	625.4063721	617.9570923	595.3897095	585.15448
389.9020691	117.6851883	248.7100067	610.0984497	625.4063721	617.9570923	595.3897095
391.7157288	121.3947296	278.3900146	601.7105713	610.0984497	625.4063721	617.9570923
393.7885437	120.6748199	288.1400146	575.9078369	601.7105713	610.0984497	625.4063721
388.6165466	113.7456894	272.0599976	575.5284424	575.9078369	601.7105713	610.0984497
389.2243958	111.4159775	273.1300049	585.15448	575.5284424	575.9078369	601.7105713
377.4852905	109.6561966	263.5499878	583.0874634	585.15448	575.5284424	575.9078369
374.0871582	108.3663635	259.1600037	530.8529663	583.0874634	585.15448	575.5284424
380.8635559	110.1361465	268.4599915	504.00177	530.8529663	583.0874634	585.15448
380.8137207	110.406105	282.7600098	515.505127	504.00177	530.8529663	583.0874634
371.815033	101.7872009	267.2799988	509.7135315	515.505127	504.00177	530.8529663
358.5911255	94.29813385	239.4299927	584.9248657	509.7135315	515.505127	504.00177
356.617981	97.62770844	233.2899933	545.5018311	584.9248657	509.7135315	515.505127
353.3294373	96.28788757	221.8600006	542.7857666	545.5018311	584.9248657	509.7135315
389.1347046	114.3156128	272.2000122	530.7131348	542.7857666	545.5018311	584.9248657
380.0264587	107.5564651	252.3999939	520.7675781	530.7131348	542.7857666	545.5018311
387.1018372	110.9160385	252.3099976	501.5852661	520.7675781	530.7131348	542.7857666
386.4640198	110.6960678	252.3500061	500.7564697	501.5852661	520.7675781	530.7131348
384.3912659	112.1858826	254.1100006	483.9607239	500.7564697	501.5852661	520.7675781
370.3202515	104.4768524	241.5500031	499.558197	483.9607239	500.7564697	501.5852661
366.50354	101.4772263	241.3699951	519.5193481	499.558197	483.9607239	500.7564697
357.8735962	96.89781189	227.5	532.3807983	519.5193481	499.558197	483.9607239
365.5469055	98.87755585	237.9700012	546.4804077	532.3807983	519.5193481	499.558197
373.0906067	102.6970749	250.7400055	548.9468384	546.4804077	532.3807983	519.5193481
385.95578	106.4166031	259.5100098	553.6400757	548.9468384	546.4804077	532.3807983
390.4900208	110.9960403	284.9500122	548.2078857	553.6400757	548.9468384	546.4804077
389.8023987	108.7163162	285.8800049	571.3843994	548.2078857	553.6400757	548.9468384
392.6724243	109.006279	292.0299988	596.1586914	571.3843994	548.2078857	553.6400757
393.8881836	108.9062958	282.1600037	598.4053955	596.1586914	571.3843994	548.2078857
423.9235535	111.5959549	280.519989	586.4626465	598.4053955	596.1586914	571.3843994
433.7692871	114.4855957	287.2099915	595.9489136	586.4626465	598.4053955	596.1586914
434.656189	113.8056793	280.2600098	597.1472168	595.9489136	586.4626465	598.4053955
431.8061218	113.5257187	275.3500061	591.6351929	597.1472168	595.9489136	586.4626465
431.8459778	117.0452728	276.2200012	638.5073853	591.6351929	597.1472168	595.9489136
436.6492615	117.3552399	284.8200073	655.0834961	638.5073853	591.6351929	597.1472168
437.2073364	116.6353226	298.2600098	658.4086304	655.0834961	638.5073853	591.6351929
447.7007446	122.9845276	318.3800049	642.9509888	658.4086304	655.0834961	638.5073853
447.5812073	129.9136505	334.0700073	639.4161377	642.9509888	658.4086304	655.0834961
451.367981	135.3229675	347.6799927	639.5059814	639.4161377	642.9509888	658.4086304
452.386322	134.8130341	342.8200073	636.1807861	639.5059814	639.4161377	642.9509888
453.5244446	135.3829651	349.980011	634.5831299	636.1807861	639.5059814	639.4161377
458.1168823	135.552948	342.0899963	635.6515503	634.5831299	636.1807861	639.5059814
457.4180603	134.3630981	343.8200073	626.1552734	635.6515503	634.5831299	636.1807861
451.82724	131.7834167	334.6199951	641.3932495	626.1552734	635.6515503	634.5831299
454.1134644	132.8132935	341.0400085	642.6514282	641.3932495	626.1552734	635.6515503
449.4411621	131.2734833	339.3399963	644.1193237	642.6514282	641.3932495	626.1552734
459.9338989	135.4829407	362.8900146	646.5557861	644.1193237	642.6514282	641.3932495
456.609375	134.793045	356.8999939	669.9320679	646.5557861	644.1193237	642.6514282
457.9272156	139.1725006	358.4299927	665.8878174	669.9320679	646.5557861	644.1193237
459.6044312	135.1130066	346.4599915	686.9573975	665.8878174	669.9320679	646.5557861
461.2118225	137.3627167	342.6900024	683.6322021	686.9573975	665.8878174	669.9320679
462.2101746	141.2022247	344.269989	696.7033691	683.6322021	686.9573975	665.8878174
463.1086731	141.9021454	332.0499878	693.0585938	696.7033691	683.6322021	686.9573975
466.9124146	139.9723969	284.7000122	701.3865967	693.0585938	696.7033691	683.6322021
469.6080017	141.7021637	295.1400146	693.1384888	701.3865967	693.0585938	696.7033691
471.9741211	142.6120605	308.5799866	692.3596191	693.1384888	701.3865967	693.0585938
470.1471252	143.9418945	326.0899963	681.8847656	692.3596191	693.1384888	701.3865967
471.8443298	142.8219452	326.4299927	701.6464233	681.8847656	692.3596191	693.1384888
478.0840759	144.9918213	319.1099854	696.7597046	701.6464233	681.8847656	692.3596191
474.180481	141.9619904	325.3099976	695.3007202	696.7597046	701.6464233	681.8847656
478.3536377	144.681839	329.1300049	681.8897095	695.3007202	696.7597046	701.6464233
477.2554321	144.1118622	316.3500061	698.0588989	681.8897095	695.3007202	696.7597046
479.4518127	145.4717865	322.0499878	711.7196655	698.0588989	681.8897095	695.3007202
476.6164856	143.8418884	322.1600037	708.2020264	711.7196655	698.0588989	681.8897095
485.2023621	144.1618652	348.6799927	725.6002808	708.2020264	711.7196655	698.0588989
489.305603	147.8916473	340.4700012	733.1351929	725.6002808	708.2020264	711.7196655
491.4620667	154.3013	327.5499878	737.5922241	733.1351929	725.6002808	708.2020264
496.6335754	155.011261	325.7799988	718.7348633	737.5922241	733.1351929	725.6002808
495.1260681	157.7411041	323.6300049	713.0886841	718.7348633	737.5922241	733.1351929
496.5936584	157.9810944	317.6600037	718.5250244	713.0886841	718.7348633	737.5922241
491.2424316	153.2913666	300.7099915	717.8654785	718.5250244	713.0886841	718.7348633
490.2840271	157.2411346	315.6499939	720.1838989	717.8654785	718.5250244	713.0886841
498.0213013	159.3310089	315.3500061	732.2857666	720.1838989	717.8654785	718.5250244
496.9031372	158.2310791	293.9400024	726.7494507	732.2857666	720.1838989	717.8654785
495.8049316	159.9909821	297.8099976	717.026062	726.7494507	732.2857666	720.1838989
502.6836548	162.8708191	295.8800049	720.4337158	717.026062	726.7494507	732.2857666
500.6569824	164.0907593	309.8699951	709.9108887	720.4337158	717.026062	726.7494507
502.4939575	164.9107056	313.5100098	702.4358521	709.9108887	720.4337158	717.026062
502.1944275	164.0607605	316.8999939	700.9368896	702.4358521	709.9108887	720.4337158
504.9898376	170.6903687	310.7799988	703.8049927	700.9368896	702.4358521	709.9108887
504.7901611	171.3603363	321.6700134	712.4890747	703.8049927	700.9368896	702.4358521
510.860199	172.9902496	319.4100037	704.3345947	712.4890747	703.8049927	700.9368896
509.2128906	172.4002838	329.6499939	713.0986938	704.3345947	712.4890747	703.8049927
509.2228699	171.3703461	328.4899902	714.3178711	713.0986938	704.3345947	712.4890747
504.4407349	167.0205841	332.1099854	712.1992798	714.3178711	713.0986938	704.3345947
505.0397644	170.7703705	332.5599976	717.1459961	712.1992798	714.3178711	713.0986938
510.0415344	173.7302094	305.2999878	699.527832	717.1459961	712.1992798	714.3178711
512.8669434	173.4902191	316.0599976	694.7410889	699.527832	717.1459961	712.1992798
511.6588745	176.740036	325.5899963	772.918335	694.7410889	699.527832	717.1459961
511.7287598	175.5000916	321.2000122	749.5041504	772.918335	694.7410889	699.527832
512.397644	179.259903	319.0400085	775.8463745	749.5041504	772.918335	694.7410889
532.6243896	177.8599701	308.269989	762.9450684	775.8463745	749.5041504	772.918335
523.2498169	173.7102051	302.6300049	771.4692993	762.9450684	775.8463745	749.5041504
534.7609253	179.9898529	309.2600098	761.3161621	771.4692993	762.9450684	775.8463745
526.8838501	178.249939	308.7200012	768.7811279	761.3161621	771.4692993	762.9450684
524.0784912	179.4098816	319.9100037	765.3534546	768.7811279	761.3161621	771.4692993
519.9852295	180.7598114	322.269989	789.4671631	765.3534546	768.7811279	761.3161621
521.1832275	182.6896973	329.6499939	779.553894	789.4671631	765.3534546	768.7811279
520.9136963	182.0497284	339.0299988	781.602478	779.553894	789.4671631	765.3534546
528.3713989	183.1496735	340.8399963	784.7003784	781.602478	779.553894	789.4671631
519.725647	181.5797577	339.3800049	766.852417	784.7003784	781.602478	779.553894
521.6224976	182.0097351	335.5799866	750.9731445	766.852417	784.7003784	781.602478
519.3162842	180.4398193	330.5599976	747.2156372	750.9731445	766.852417	784.7003784
516.2512817	181.9997253	335.1600037	738.6014404	747.2156372	750.9731445	766.852417
508.9333496	175.6300964	329.3099976	754.2808838	738.6014404	747.2156372	750.9731445
504.8900146	175.3901062	323.8999939	752.7918701	754.2808838	738.6014404	747.2156372
504.2399902	174.9701233	320.1099854	753.5913696	752.7918701	754.2808838	738.6014404
507.230011	177.9799652	340.0100098	746.8759155	753.5913696	752.7918701	754.2808838
504.2600098	179.7998657	346.6000061	750.6033936	746.8759155	753.5913696	752.7918701
502.0400085	181.7597504	351.6700134	738.2017822	750.6033936	746.8759155	753.5913696
506.7399902	181.5897675	349.6000061	734.6141357	738.2017822	750.6033936	746.8759155
509.6400146	180.1598358	345.980011	736.5528564	734.6141357	738.2017822	750.6033936
506.6900024	174.170166	333.8699951	748.1450806	736.5528564	734.6141357	738.2017822
505.1199951	170.7703705	329.3599854	751.9425049	748.1450806	736.5528564	734.6141357
505.3500061	170.6103821	334.0899963	751.7925415	751.9425049	748.1450806	736.5528564
507.9700012	171.6503296	338.5299988	765.1835327	751.7925415	751.9425049	748.1450806
495	167.0105896	350.8399963	751.4727783	765.1835327	751.7925415	751.9425049
498.2000122	168.3005066	346.3999939	750.3935547	751.4727783	765.1835327	751.7925415
498.4100037	170.7503662	346.9700012	755.0803833	750.3935547	751.4727783	765.1835327
500.3699951	177.3200073	347.7900085	764.1842041	755.0803833	750.3935547	751.4727783
501.0100098	177.1699982	368.8099976	778.4745483	764.1842041	755.0803833	750.3935547
509.8999939	177.8200073	395.9400024	775.1967773	778.4745483	764.1842041	755.0803833
515.3599854	177.75	410.0400085	779.7237549	775.1967773	778.4745483	764.1842041
509.0400085	174.8800049	421.6199951	777.8549805	779.7237549	775.1967773	778.4745483
510.019989	170.2899933	425.8599854	765.1599731	777.8549805	779.7237549	775.1967773
508.4500122	176.2400055	416.8500061	755.4000244	765.1599731	777.8549805	779.7237549
517.9299927	176.6699982	426.0700073	760.6599731	755.4000244	765.1599731	777.8549805
514.4500122	183.6100006	434.2099915	748.9099731	760.6599731	755.4000244	765.1599731
509.230011	178.4299927	425.8500061	743.75	748.9099731	760.6599731	755.4000244
510.1499939	176.9700012	442.7900085	743.4000244	743.75	748.9099731	760.6599731
507.0299988	177.6900024	423.3900146	734.3800049	743.4000244	743.75	748.9099731
511.4599915	178.1900024	440.3999939	717.3400269	734.3800049	743.4000244	743.75
